12 34 00 00 00 07 01 0F 00 00 00 04 FF

12 34 00 00 1 2 01 03

(讀 Y0 ~ Y7)
99 99 00 00 00 06 01 01 00 00 00 08

99 99 00 00 00 06 01 05 00 00 FF 00

99 99 00 00 00 06 01 05 00 01 FF 00

12 34 00 00 00 06 01 06 00 04 00 02

12 34 00 00 00 06 01 05 00 01 00 FF


12 34 00 00 00 06 01 03 00 00 00 06

12 34 00 00 00 06 01 02 00 00 00 08

12 34 00 00 00 06 01 06 00 05 00 64

12 34 00 00 00 0B 01 10 00 04 00 02 04 00 0A 00 C8

12 34 00 00 00 06 01 01 00 00 00 08

12 34 00 00 00 06 01 05 00 0D FF 00

12 34 00 00 00 06 01 05 00 0A 00 00

12 34 00 00 00 08 01 0F 00 08 00 08 01 48

12 34 00 00 00 06 01 01 20 00 00 08

12 34 00 00 00 06 01 05 20 05 FF 00

12 34 00 00 00 06 01 05 20 09 00 00

12 34 00 00 00 08 01 0F 20 00 00 08 01 00 

12 34 00 00 00 08 01 0F 20 00 00 08 01 48

讀取D0~D3
送出訊息:
123400000006010300000004
接收訊息:
12340000000B010308009B0208000A0005
(D0:009BH=155，D1:0208H=520，D2:000AH=10，D3:0005H=5)

(多個暫存器寫入)D4寫入10，D5寫入200
送出訊息:
12340000000B01100004000204000A00C8
接收訊息:
1234000000060110000402

讀取X0~X7
送出訊息:
123400000006010200000008
接收訊息:
12340000000401020196
(X1、X2、X4、X7 為1)

讀取Y0~Y7
送出訊息:
123400000006010200000008
接收訊息:
123400000401020169
(Y0、Y3、Y5、Y6 為1)

(多個Y寫入)寫入 Y13 Y16 ON
送出訊息:
123400000008010F000800080148
接收訊息:
123400000006010F00080008

讀取M0~M7
送出訊息:
123400000006010120000008
接收訊息:
1234000004010101D6
(M1、M2、M4、M6、M7 為1)

(多個M寫入)寫入 M3 M6 ON
送出訊息:
123400000008010F200000080148
接收訊息:
123400000006010F20000008